\ EQUINOX = 'J2000.0'
|   ra     |   dec    |  major |
|   double |   double | double |
  176.29229   0.73915      5.0
  213.6345    0.74998      5.0
  214.61879   0.62943      5.0
  215.97479   0.67592      5.0
  176.96358   1.2031       5.0
  178.05237   1.05246      5.0
  218.90542  -0.74389      5.0
  222.49875  -0.40713      5.0
  182.90017   0.17959      5.0
  215.20808   0.17706      5.0
  177.78321   0.91949      5.0
  179.06704   0.99197      5.0
  183.13442   1.00244      5.0
  217.327     0.86711      5.0
  176.78942  -2.18512      5.0
  182.36783  -2.24046      5.0
  176.05287  -1.77459      5.0
  178.14021  -2.71487      5.0
  180.96967  -1.46278      5.0
  138.2815   -0.66673      5.0
  129.69546  -0.38179      5.0
  136.63883  -0.35203      5.0
  132.36771   0.1636       5.0
  132.61013   0.11972      5.0
  134.02979   0.15244      5.0
  182.7435    1.59787      5.0
  183.53083   1.55306      5.0
  182.16688   1.9984       5.0
  183.15171   1.97018      5.0
  185.33296   1.92256      5.0
  215.06083   1.60423      5.0
  217.45604   1.52598      5.0
  214.17046   2.07386      5.0
  214.82401   2.12522      5.0
  218.22696   1.97782      5.0
  185.65375   1.33724      5.0
  140.14187   0.97341      5.0
  181.64301   1.74123      5.0
  222.14058   1.16504      5.0
  135.32929   1.22984      5.0
  138.94058   1.33144      5.0
  214.14233   1.86348      5.0
  214.38538   1.9114       5.0
  218.13475   1.68924      5.0
  218.63421   1.78566      5.0
  130.73717   1.55957      5.0
  131.02333   1.64814      5.0
  138.257     1.72137      5.0
  138.62475   1.87141      5.0
  215.069     2.22422      5.0
  130.50925   1.02071      5.0
  136.80625   1.64392      5.0
  137.90642   1.62916      5.0
  130.27629   1.72911      5.0
  138.7635    2.04159      5.0
  140.6575    2.13736      5.0
  138.99892   2.51429      5.0
  174.23017   1.89732      5.0
  132.51888   2.29438      5.0
  140.98671   2.86084      5.0
  132.81062   2.83784      5.0
  212.48058  -1.61746      5.0
  213.41046  -1.64736      5.0
  217.11896  -1.79492      5.0
  215.95117  -1.68131      5.0
  180.41129  -0.48254      5.0
  181.98808  -0.52788      5.0
  129.41362  -0.01039      5.0
  135.66788  -0.13742      5.0
  140.77658  -0.11463      5.0
  175.01863  -0.14991      5.0
  184.62887  -0.18264      5.0
  185.72429  -0.20906      5.0
  178.25696   0.30019      5.0
  211.95117   0.23064      5.0
  213.49346   0.35214      5.0
  140.42683  -1.09201      5.0
  179.39604  -1.13984      5.0
  181.52958   1.93496      5.0
  139.63437  -0.60728      5.0
  33.89513   -6.55139      5.0
  32.29279   -5.43011      5.0
  32.65929  -10.07633      5.0
  30.69342   -4.01222      5.0
  35.62492   -3.87688      5.0
  36.37075   -5.91766      5.0
  37.92875   -4.88681      5.0
  30.82808   -7.63584      5.0
  129.95892  -1.63319      5.0
  134.23367  -0.80412      5.0
  138.10708  -0.95852      5.0
  135.10842  -1.60189      5.0
  137.37821  -1.17997      5.0
  344.09237 -34.88054      5.0
  350.01962 -32.35935      5.0
  347.44408 -31.04443      5.0
  340.90525 -30.26776      5.0
  340.21    -30.8253      5.0
  342.0545  -30.9158      5.0
  342.7772  -33.0433      5.0
  345.6853  -33.3673      5.0
  340.0066  -34.1301      5.0
  340.2153  -30.458      5.0
  342.5759  -31.9096      5.0
  342.1224  -31.7162      5.0
  343.978   -30.7589      5.0
  344.0924  -34.8805      5.0
  344.9055  -31.1903      5.0
  345.708   -31.6132      5.0
  346.7303  -34.8736      5.0
  346.6823  -34.8419      5.0
  346.4772  -32.811      5.0
  347.4441  -31.0444      5.0
  348.69    -31.531      5.0
  350.0196  -32.3593      5.0
  345.68529 -33.36733      5.0
  342.77721 -33.04329      5.0
  346.47717 -32.81103      5.0
  342.57587 -31.90962      5.0
  342.12237 -31.71619      5.0
  340.21004 -30.82531      5.0
  343.978   -30.75893      5.0