1672265 	 35.214000 	 -4.650140 	  2.000000 20.000000 51.360001 	 -4.000000 39.000000 0.500000 
 1672234 	 35.046960 	 -4.649670 	  2.000000 20.000000 11.270000 	 -4.000000 38.000000 58.799999 
 1672022 	 35.099040 	 -4.663800 	  2.000000 20.000000 23.770000 	 -4.000000 39.000000 49.700001 
 1671853 	 35.046460 	 -4.674180 	  2.000000 20.000000 11.150000 	 -4.000000 40.000000 27.000000 
 1671853 	 35.046460 	 -4.674180 	  2.000000 20.000000 11.150000 	 -4.000000 40.000000 27.000000 
 1671921 	 35.085040 	 -4.687830 	  2.000000 20.000000 20.410000 	 -4.000000 41.000000 16.200001 
 1671921 	 35.085040 	 -4.687830 	  2.000000 20.000000 20.410000 	 -4.000000 41.000000 16.200001 
 1671282 	 35.101710 	 -4.713310 	  2.000000 20.000000 24.410000 	 -4.000000 42.000000 47.900002 
 1671111 	 35.194500 	 -4.731550 	  2.000000 20.000000 46.680000 	 -4.000000 43.000000 53.599998 
 1671111 	 35.194500 	 -4.731550 	  2.000000 20.000000 46.680000 	 -4.000000 43.000000 53.599998 
 1671361 	 34.976130 	 -4.709440 	  2.000000 19.000000 54.270000 	 -4.000000 42.000000 34.000000 
 1670446 	 35.237580 	 -4.774880 	  2.000000 20.000000 57.020000 	 -4.000000 46.000000 29.600000 
 1670446 	 35.237580 	 -4.774880 	  2.000000 20.000000 57.020000 	 -4.000000 46.000000 29.600000 
 1670312 	 35.186330 	 -4.782660 	  2.000000 20.000000 44.720001 	 -4.000000 46.000000 57.599998 
 1670312 	 35.186330 	 -4.782660 	  2.000000 20.000000 44.720001 	 -4.000000 46.000000 57.599998 
 1095767 	 34.757750 	 -4.686330 	  2.000000 19.000000 1.860000 	 -4.000000 41.000000 10.800000 
 1097325 	 34.422040 	 -4.575330 	  2.000000 17.000000 41.290001 	 -4.000000 34.000000 31.200001 
 1094465 	 34.887460 	 -4.773970 	  2.000000 19.000000 32.990002 	 -4.000000 46.000000 26.299999 
 1095842 	 34.665790 	 -4.675680 	  2.000000 18.000000 39.790001 	 -4.000000 40.000000 32.500000 
 1669081 	 35.155210 	 -4.862540 	  2.000000 20.000000 37.250000 	 -4.000000 51.000000 45.099998 
 1669081 	 35.155210 	 -4.862540 	  2.000000 20.000000 37.250000 	 -4.000000 51.000000 45.099998 
 1093407 	 34.965250 	 -4.845910 	  2.000000 19.000000 51.660000 	 -4.000000 50.000000 45.299999 
 1094517 	 34.745040 	 -4.770720 	  2.000000 18.000000 58.810001 	 -4.000000 46.000000 14.600000 
 1669010 	 35.023920 	 -4.867290 	  2.000000 20.000000 5.740000 	 -4.000000 52.000000 2.200000 
 1668679 	 35.005420 	 -4.889500 	  2.000000 20.000000 1.300000 	 -4.000000 53.000000 22.200001 
 1668679 	 35.005420 	 -4.889500 	  2.000000 20.000000 1.300000 	 -4.000000 53.000000 22.200001 
 1093536 	 34.809170 	 -4.845440 	  2.000000 19.000000 14.200000 	 -4.000000 50.000000 43.599998 
 1094114 	 34.775330 	 -4.797070 	  2.000000 19.000000 6.080000 	 -4.000000 47.000000 49.400002 
 1092725 	 34.912790 	 -4.888450 	  2.000000 19.000000 39.070000 	 -4.000000 53.000000 18.400000 
 1667292 	 35.099710 	 -4.986270 	  2.000000 20.000000 23.930000 	 -4.000000 59.000000 10.600000 
 1091766 	 34.973580 	 -4.951780 	  2.000000 19.000000 53.660000 	 -4.000000 57.000000 6.400000 
 1091766 	 34.973580 	 -4.951780 	  2.000000 19.000000 53.660000 	 -4.000000 57.000000 6.400000 
 1667016 	 35.079380 	 -5.008330 	  2.000000 20.000000 19.049999 	 -5.000000 0.000000 30.000000 
 1095906 	 34.638380 	 -4.668130 	  2.000000 18.000000 33.209999 	 -4.000000 40.000000 5.300000 
 1092369 	 34.873710 	 -4.912330 	  2.000000 19.000000 29.690001 	 -4.000000 54.000000 44.400002 
 1092451 	 34.783790 	 -4.908680 	  2.000000 19.000000 8.110000 	 -4.000000 54.000000 31.299999 
 1094290 	 34.661710 	 -4.785950 	  2.000000 18.000000 38.810001 	 -4.000000 47.000000 9.400000 
 1094290 	 34.661710 	 -4.785950 	  2.000000 18.000000 38.810001 	 -4.000000 47.000000 9.400000 
 1093794 	 34.465710 	 -4.824760 	  2.000000 17.000000 51.770000 	 -4.000000 49.000000 29.100000 
 1092449 	 34.698960 	 -4.906080 	  2.000000 18.000000 47.750000 	 -4.000000 54.000000 21.900000 
 1089708 	 34.974040 	 -5.096170 	  2.000000 19.000000 53.770000 	 -5.000000 5.000000 46.200001 
 1089708 	 34.974040 	 -5.096170 	  2.000000 19.000000 53.770000 	 -5.000000 5.000000 46.200001 
 1093042 	 34.497290 	 -4.865460 	  2.000000 17.000000 59.349998 	 -4.000000 51.000000 55.599998 
 1097238 	 34.402540 	 -4.575080 	  2.000000 17.000000 36.610001 	 -4.000000 34.000000 30.299999 
 1089917 	 34.845710 	 -5.081690 	  2.000000 19.000000 22.969999 	 -5.000000 4.000000 54.099998 
 1089917 	 34.845710 	 -5.081690 	  2.000000 19.000000 22.969999 	 -5.000000 4.000000 54.099998 
 1089917 	 34.845710 	 -5.081690 	  2.000000 19.000000 22.969999 	 -5.000000 4.000000 54.099998 
 1090733 	 34.782960 	 -5.047400 	  2.000000 19.000000 7.910000 	 -5.000000 2.000000 50.599998 
 1663212 	 35.019580 	 -5.268940 	  2.000000 20.000000 4.700000 	 -5.000000 16.000000 8.200000 
 1090100 	 34.801790 	 -5.083820 	  2.000000 19.000000 12.430000 	 -5.000000 5.000000 1.700000 
 1093277 	 34.512040 	 -4.855340 	  2.000000 18.000000 2.890000 	 -4.000000 51.000000 19.200001 
 6000059 	 34.759500 	 -5.108180 	  2.000000 19.000000 2.280000 	 -5.000000 6.000000 29.400000 
 1087029 	 34.884540 	 -5.284650 	  2.000000 19.000000 32.290001 	 -5.000000 17.000000 4.700000 
 1090516 	 34.629170 	 -5.036320 	  2.000000 18.000000 31.000000 	 -5.000000 2.000000 10.800000 
 1090516 	 34.629170 	 -5.036320 	  2.000000 18.000000 31.000000 	 -5.000000 2.000000 10.800000 
 1090516 	 34.629170 	 -5.036320 	  2.000000 18.000000 31.000000 	 -5.000000 2.000000 10.800000 
 1089996 	 34.643170 	 -5.077090 	  2.000000 18.000000 34.360001 	 -5.000000 4.000000 37.500000 
 1089996 	 34.643170 	 -5.077090 	  2.000000 18.000000 34.360001 	 -5.000000 4.000000 37.500000 
 1092950 	 34.436540 	 -4.877090 	  2.000000 17.000000 44.770000 	 -4.000000 52.000000 37.500000 
 1086674 	 34.821290 	 -5.314040 	  2.000000 19.000000 17.110001 	 -5.000000 18.000000 50.500000 
 1086674 	 34.821290 	 -5.314040 	  2.000000 19.000000 17.110001 	 -5.000000 18.000000 50.500000 
 1085330 	 34.779370 	 -5.403710 	  2.000000 19.000000 7.050000 	 -5.000000 24.000000 13.300000 
 1093757 	 34.381540 	 -4.822250 	  2.000000 17.000000 31.570000 	 -4.000000 49.000000 20.100000 
 1087802 	 34.665380 	 -5.229270 	  2.000000 18.000000 39.689999 	 -5.000000 13.000000 45.400002 
 1084933 	 34.793250 	 -5.425140 	  2.000000 19.000000 10.380000 	 -5.000000 25.000000 30.500000 
 1084933 	 34.793250 	 -5.425140 	  2.000000 19.000000 10.380000 	 -5.000000 25.000000 30.500000 
 1085877 	 34.707420 	 -5.366190 	  2.000000 18.000000 49.779999 	 -5.000000 21.000000 58.299999 
 1085877 	 34.707420 	 -5.366190 	  2.000000 18.000000 49.779999 	 -5.000000 21.000000 58.299999 
 1095562 	 34.263920 	 -4.696060 	  2.000000 17.000000 3.340000 	 -4.000000 41.000000 45.799999 
 1084320 	 34.736000 	 -5.465390 	  2.000000 18.000000 56.639999 	 -5.000000 27.000000 55.400002 
 1090499 	 34.471330 	 -5.045160 	  2.000000 17.000000 53.119999 	 -5.000000 2.000000 42.599998 
 1091493 	 34.277500 	 -4.976190 	  2.000000 17.000000 6.600000 	 -4.000000 58.000000 34.299999 
 1096843 	 34.337710 	 -4.603680 	  2.000000 17.000000 21.049999 	 -4.000000 36.000000 13.200000 
 1085929 	 34.630750 	 -5.361030 	  2.000000 18.000000 31.379999 	 -5.000000 21.000000 39.700001 
 1095282 	 34.296830 	 -4.715040 	  2.000000 17.000000 11.240000 	 -4.000000 42.000000 54.099998 
 1092121 	 34.306130 	 -4.929740 	  2.000000 17.000000 13.470000 	 -4.000000 55.000000 47.000000 
 1092121 	 34.306130 	 -4.929740 	  2.000000 17.000000 13.470000 	 -4.000000 55.000000 47.000000 
 1092121 	 34.306130 	 -4.929740 	  2.000000 17.000000 13.470000 	 -4.000000 55.000000 47.000000 
 1083015 	 34.659670 	 -5.543550 	  2.000000 18.000000 38.320000 	 -5.000000 32.000000 36.799999 
 1083015 	 34.659670 	 -5.543550 	  2.000000 18.000000 38.320000 	 -5.000000 32.000000 36.799999 
 1083015 	 34.659670 	 -5.543550 	  2.000000 18.000000 38.320000 	 -5.000000 32.000000 36.799999 
 1089081 	 34.400420 	 -5.139580 	  2.000000 17.000000 36.099998 	 -5.000000 8.000000 22.500000 
 1096660 	 34.275960 	 -4.617020 	  2.000000 17.000000 6.230000 	 -4.000000 37.000000 1.300000 
 1084911 	 34.555250 	 -5.426890 	  2.000000 18.000000 13.260000 	 -5.000000 25.000000 36.799999 
 1082901 	 34.587870 	 -5.552780 	  2.000000 18.000000 21.090000 	 -5.000000 33.000000 10.000000 
 1082901 	 34.587870 	 -5.552780 	  2.000000 18.000000 21.090000 	 -5.000000 33.000000 10.000000 
 1086859 	 34.444420 	 -5.298940 	  2.000000 17.000000 46.660000 	 -5.000000 17.000000 56.200001 
 1082773 	 34.557920 	 -5.559690 	  2.000000 18.000000 13.900000 	 -5.000000 33.000000 34.900002 
 1082773 	 34.557920 	 -5.559690 	  2.000000 18.000000 13.900000 	 -5.000000 33.000000 34.900002 
 1082773 	 34.557920 	 -5.559690 	  2.000000 18.000000 13.900000 	 -5.000000 33.000000 34.900002 
 1085533 	 34.470040 	 -5.388700 	  2.000000 17.000000 52.810001 	 -5.000000 23.000000 19.299999 
 1093964 	 34.367540 	 -4.809570 	  2.000000 17.000000 28.209999 	 -4.000000 48.000000 34.400002 
 1084732 	 34.479790 	 -5.448110 	  2.000000 17.000000 55.150002 	 -5.000000 26.000000 53.200001 
 1087109 	 34.432630 	 -5.297820 	  2.000000 17.000000 43.830002 	 -5.000000 17.000000 52.099998 
 1083545 	 34.430880 	 -5.514610 	  2.000000 17.000000 43.410000 	 -5.000000 30.000000 52.599998 
 1085693 	 34.386790 	 -5.380100 	  2.000000 17.000000 32.830002 	 -5.000000 22.000000 48.400002 
 1085693 	 34.386790 	 -5.380100 	  2.000000 17.000000 32.830002 	 -5.000000 22.000000 48.400002 
 1081435 	 34.411290 	 -5.632890 	  2.000000 17.000000 38.709999 	 -5.000000 37.000000 58.400002 
 1087035 	 34.292670 	 -5.286330 	  2.000000 17.000000 10.240000 	 -5.000000 17.000000 10.800000 
 1081395 	 34.361670 	 -5.638960 	  2.000000 17.000000 26.799999 	 -5.000000 38.000000 20.299999 
 1081395 	 34.361670 	 -5.638960 	  2.000000 17.000000 26.799999 	 -5.000000 38.000000 20.299999 
 1084398 	 34.330620 	 -5.480640 	  2.000000 17.000000 19.350000 	 -5.000000 28.000000 50.299999 
 1084133 	 34.310420 	 -5.489100 	  2.000000 17.000000 14.500000 	 -5.000000 29.000000 20.700001 
 1085098 	 34.294420 	 -5.417440 	  2.000000 17.000000 10.660000 	 -5.000000 25.000000 2.800000 
 1085098 	 34.294420 	 -5.417440 	  2.000000 17.000000 10.660000 	 -5.000000 25.000000 2.800000 
 1085098 	 34.294420 	 -5.417440 	  2.000000 17.000000 10.660000 	 -5.000000 25.000000 2.800000 
 1086492 	 34.263830 	 -5.328030 	  2.000000 17.000000 3.320000 	 -5.000000 19.000000 40.900002 
 1081306 	 34.286250 	 -5.647740 	  2.000000 17.000000 8.700000 	 -5.000000 38.000000 51.799999 
 1096487 	 34.246080 	 -4.632730 	  2.000000 16.000000 59.060001 	 -4.000000 37.000000 57.799999 
 1082378 	 34.200880 	 -5.580380 	  2.000000 16.000000 48.209999 	 -5.000000 34.000000 49.299999 
 1090152 	 34.139710 	 -5.064020 	  2.000000 16.000000 33.529999 	 -5.000000 3.000000 50.500000 
 1085050 	 34.187920 	 -5.418890 	  2.000000 16.000000 45.099998 	 -5.000000 25.000000 8.000000 
 1089563 	 34.132750 	 -5.107200 	  2.000000 16.000000 31.860001 	 -5.000000 6.000000 25.900000 
 1090969 	 34.180540 	 -5.007080 	  2.000000 16.000000 43.330002 	 -5.000000 0.000000 25.500000 
 1090969 	 34.180540 	 -5.007080 	  2.000000 16.000000 43.330002 	 -5.000000 0.000000 25.500000 
 1096543 	 34.199290 	 -4.627870 	  2.000000 16.000000 47.830002 	 -4.000000 37.000000 40.299999 
 1096543 	 34.199290 	 -4.627870 	  2.000000 16.000000 47.830002 	 -4.000000 37.000000 40.299999 
 1084988 	 34.131170 	 -5.421780 	  2.000000 16.000000 31.480000 	 -5.000000 25.000000 18.400000 
 1084156 	 34.081250 	 -5.473770 	  2.000000 16.000000 19.500000 	 -5.000000 28.000000 25.600000 
 1084156 	 34.081250 	 -5.473770 	  2.000000 16.000000 19.500000 	 -5.000000 28.000000 25.600000 
 1081107 	 34.050080 	 -5.652070 	  2.000000 16.000000 12.020000 	 -5.000000 39.000000 7.500000 
 1081107 	 34.050080 	 -5.652070 	  2.000000 16.000000 12.020000 	 -5.000000 39.000000 7.500000 
 1081107 	 34.050080 	 -5.652070 	  2.000000 16.000000 12.020000 	 -5.000000 39.000000 7.500000 
 6000052 	 34.064380 	 -5.436240 	  2.000000 16.000000 15.450000 	 -5.000000 26.000000 10.500000 
 1085227 	 34.050130 	 -5.409610 	  2.000000 16.000000 12.030000 	 -5.000000 24.000000 34.599998 
 1085227 	 34.050130 	 -5.409610 	  2.000000 16.000000 12.030000 	 -5.000000 24.000000 34.599998 
 1085227 	 34.050130 	 -5.409610 	  2.000000 16.000000 12.030000 	 -5.000000 24.000000 34.599998 
 1089209 	 34.055040 	 -5.130350 	  2.000000 16.000000 13.210000 	 -5.000000 7.000000 49.299999 
 1089564 	 34.114540 	 -5.106210 	  2.000000 16.000000 27.490000 	 -5.000000 6.000000 22.299999 
 1198319 	 33.987250 	 -5.496690 	  2.000000 15.000000 56.939999 	 -5.000000 29.000000 48.099998 
 1198319 	 33.987250 	 -5.496690 	  2.000000 15.000000 56.939999 	 -5.000000 29.000000 48.099998 
 1089466 	 34.070540 	 -5.110180 	  2.000000 16.000000 16.930000 	 -5.000000 6.000000 36.599998 
 1089466 	 34.070540 	 -5.110180 	  2.000000 16.000000 16.930000 	 -5.000000 6.000000 36.599998 
 1089466 	 34.070540 	 -5.110180 	  2.000000 16.000000 16.930000 	 -5.000000 6.000000 36.599998 
 1198023 	 33.962080 	 -5.517140 	  2.000000 15.000000 50.900002 	 -5.000000 31.000000 1.700000 
 1198023 	 33.962080 	 -5.517140 	  2.000000 15.000000 50.900002 	 -5.000000 31.000000 1.700000 
 1198023 	 33.962080 	 -5.517140 	  2.000000 15.000000 50.900002 	 -5.000000 31.000000 1.700000 
 1196305 	 33.882540 	 -5.607410 	  2.000000 15.000000 31.809999 	 -5.000000 36.000000 26.700001 
 1197339 	 33.860960 	 -5.554540 	  2.000000 15.000000 26.629999 	 -5.000000 33.000000 16.299999 
 1197339 	 33.860960 	 -5.554540 	  2.000000 15.000000 26.629999 	 -5.000000 33.000000 16.299999 
 1197339 	 33.860960 	 -5.554540 	  2.000000 15.000000 26.629999 	 -5.000000 33.000000 16.299999 
 1200033 	 33.951000 	 -5.383950 	  2.000000 15.000000 48.240002 	 -5.000000 23.000000 2.200000 
 1200033 	 33.951000 	 -5.383950 	  2.000000 15.000000 48.240002 	 -5.000000 23.000000 2.200000 
 1196570 	 33.845920 	 -5.596330 	  2.000000 15.000000 23.020000 	 -5.000000 35.000000 46.799999 
 1200537 	 33.939380 	 -5.349590 	  2.000000 15.000000 45.450001 	 -5.000000 20.000000 58.500000 
 1089836 	 34.111750 	 -5.088330 	  2.000000 16.000000 26.820000 	 -5.000000 5.000000 18.000000 
 1201496 	 33.925620 	 -5.280500 	  2.000000 15.000000 42.150002 	 -5.000000 16.000000 49.799999 
 1090843 	 34.085460 	 -5.013800 	  2.000000 16.000000 20.510000 	 -5.000000 0.000000 49.700001 
 1092778 	 34.095250 	 -4.887110 	  2.000000 16.000000 22.860001 	 -4.000000 53.000000 13.600000 
 1202309 	 33.917540 	 -5.224970 	  2.000000 15.000000 40.209999 	 -5.000000 13.000000 29.900000 
 1091347 	 34.024750 	 -4.981690 	  2.000000 16.000000 5.940000 	 -4.000000 58.000000 54.099998 
 1093559 	 34.086170 	 -4.833940 	  2.000000 16.000000 20.680000 	 -4.000000 50.000000 2.200000 
 1094364 	 34.026170 	 -4.782860 	  2.000000 16.000000 6.280000 	 -4.000000 46.000000 58.299999 
 1095176 	 34.109460 	 -4.722710 	  2.000000 16.000000 26.270000 	 -4.000000 43.000000 21.700001 
 1207026 	 33.989420 	 -4.916920 	  2.000000 15.000000 57.459999 	 -4.000000 55.000000 0.900000 
 1198924 	 33.666750 	 -5.456980 	  2.000000 14.000000 40.020000 	 -5.000000 27.000000 25.100000 
 1203800 	 33.849670 	 -5.129200 	  2.000000 15.000000 23.920000 	 -5.000000 7.000000 45.099998 
 1091257 	 34.093380 	 -4.991660 	  2.000000 16.000000 22.410000 	 -4.000000 59.000000 30.000000 
 1201347 	 33.700210 	 -5.291980 	  2.000000 14.000000 48.049999 	 -5.000000 17.000000 31.100000 
 1205795 	 33.893420 	 -4.998170 	  2.000000 15.000000 34.419998 	 -4.000000 59.000000 53.400002 
 1205882 	 33.924170 	 -4.990470 	  2.000000 15.000000 41.799999 	 -4.000000 59.000000 25.700001 
 1202683 	 33.742830 	 -5.200020 	  2.000000 14.000000 58.279999 	 -5.000000 12.000000 0.100000 
 1202587 	 33.700250 	 -5.205230 	  2.000000 14.000000 48.060001 	 -5.000000 12.000000 18.799999 
 1096833 	 34.032420 	 -4.605720 	  2.000000 16.000000 7.780000 	 -4.000000 36.000000 20.600000 
 1206562 	 33.870670 	 -4.963020 	  2.000000 15.000000 28.959999 	 -4.000000 57.000000 46.900002 
 1206195 	 33.835250 	 -4.972730 	  2.000000 15.000000 20.459999 	 -4.000000 58.000000 21.799999 
 1201478 	 33.515420 	 -5.282600 	  2.000000 14.000000 3.700000 	 -5.000000 16.000000 57.400002 
 1200993 	 33.468710 	 -5.321790 	  2.000000 13.000000 52.490002 	 -5.000000 19.000000 18.400000 
 1201754 	 33.473000 	 -5.265130 	  2.000000 13.000000 53.520000 	 -5.000000 15.000000 54.500000 
 1209605 	 33.994420 	 -4.752060 	  2.000000 15.000000 58.660000 	 -4.000000 45.000000 7.400000 
 1209605 	 33.994420 	 -4.752060 	  2.000000 15.000000 58.660000 	 -4.000000 45.000000 7.400000 
 1203280 	 33.526960 	 -5.160010 	  2.000000 14.000000 6.470000 	 -5.000000 9.000000 36.000000 
 1208107 	 33.933000 	 -4.846550 	  2.000000 15.000000 43.919998 	 -4.000000 50.000000 47.599998 
 1202137 	 33.425960 	 -5.241750 	  2.000000 13.000000 42.230000 	 -5.000000 14.000000 30.299999 
 1202992 	 33.482250 	 -5.179070 	  2.000000 13.000000 55.740002 	 -5.000000 10.000000 44.700001 
 1202992 	 33.482250 	 -5.179070 	  2.000000 13.000000 55.740002 	 -5.000000 10.000000 44.700001 
 1202718 	 33.439210 	 -5.198320 	  2.000000 13.000000 45.410000 	 -5.000000 11.000000 53.900002 
 1204017 	 33.526290 	 -5.112340 	  2.000000 14.000000 6.310000 	 -5.000000 6.000000 44.400002 
 1202747 	 33.391380 	 -5.195890 	  2.000000 13.000000 33.930000 	 -5.000000 11.000000 45.200001 
 1205496 	 33.613080 	 -5.030830 	  2.000000 14.000000 27.139999 	 -5.000000 1.000000 51.000000 
 6000023 	 33.721250 	 -4.944370 	  2.000000 14.000000 53.099998 	 -4.000000 56.000000 39.700001 
 1210929 	 34.001080 	 -4.690790 	  2.000000 16.000000 0.260000 	 -4.000000 41.000000 26.799999 
 1206480 	 33.604670 	 -4.950930 	  2.000000 14.000000 25.120001 	 -4.000000 57.000000 3.400000 
 1207568 	 33.698790 	 -4.879900 	  2.000000 14.000000 47.709999 	 -4.000000 52.000000 47.599998 
 1207568 	 33.698790 	 -4.879900 	  2.000000 14.000000 47.709999 	 -4.000000 52.000000 47.599998 
 