1126606
197073
197073
198082
202448
204140
209222
209263
209295
209584
218757
279369
279956
300500
301818
302123
302719
323200
323247
324470
325026
325108
345974
345984
347499
348065
348299
371208
371995
372810
375506
376767
376791
377212
377486
380839
382083
382857
383053
383284
386427
387615
388201
417645
417922
528021
419678
422882
425637
528021
419678
573657
573744
574390
574857
575653
599770
599770
599797
599995
600968
622326
641911
663372
905359
3576902
3579777
3612009
3624490
3626956
3632403
3633744
3866435
3884455
3886423
3887215
3890035
3904099
3909630
3913313
7242
7907
9156
22559
32248
39055
39870
40642
53931
54130
54523
55091
55175
71072
71566
84090
97836
98399
98624
99508
124295
130303
130523
131725
136782
136800
136907
138015
138368
138811
164640
164640
164995
172153
177278
184530
185604
185812
185998
186085
186516
186737
220204
220682
220854
230803
231043
231746
231785
272227
272828
273903
289050
289265
289278
396570
397097
402278
559147
559653
560010
560475
560853
583469
583813
585446
585644
586392
586648
610029
610529
690020
746445
814991
947988
14983
15221
15554
17244
62459
63082
64181
65016
65298
77892
78841
92523
106821
238715
239143
239367
240564
249903
250209
250487
250796
251342
251526
262626
262987
278240
296898
297627
297645
298302
298316
298899
319348
319416
320078
320384
320557
320705
321208
342308
343868
362394
367197
460386
460463
460713
463638
485756
493692
508116
508211
513306
543716
544875
544985
545139
545712
570323
592207
617535
617856
618687
884103
1126606
1217811
1270758
1274050
1298084
1312058
1320592
1440776
1537351
1569977
1568229
1569977
1568229
1614527
1675035
1684064
1726233
1740396
1760310
1763319
1765570
1771132
1779869
1988308
2002618
2005629
2007752
2248952
2308869
2379807
5000687
5006684
5014213
5022159
5026858
5027548
7014061
7019633
7021723
7023086
7028850
7032116
7035191
7046392
7048497
7056621
7061088
7069205
7070361
7073988
7073990
7073988
7073990
7076874
7081863
7083868
7093351