\ EQUINOX = 'J2000.0'
|  region  |  cataid |  ra     |  dec    |
|  char    |  int    |  double |  double |
    G09      218757   140.75621  0.84809
    G09      345974   131.75004  2.04437
    G09      347499   137.94367  2.30107
    G09      348065   140.09571  2.3343
    G09	375506	129.51933	1.39028
    G09	376767	134.88888	1.50709
    G09	383053	139.68454	1.98081
    G09	573744	129.951	-0.03694
    G09	574857	137.52142	-0.12759
    G09	599995	133.35229	0.32283
    G09	641911	140.01479	-1.21574
    G09	3633744	138.918	-1.02683
    G09	3866435	136.82975	-1.99357
    G09	3887215	136.64988	-1.59199
    G09	3904099	134.01279	-0.98051
    G12	32248	183.92221	-1.20294
    G12	40642	182.30704	-0.78791
    G12	53931	175.69525	-0.31443
G12	54130	176.85742	-0.30877
G12	54523	178.36975	-0.30537
G12	55175	180.74654	-0.38792
G12	124295	178.90833	-2.56675
G12	130523	177.73192	-2.10683
G12	136907	176.30279	-1.74244
G12	137783	179.51112	-1.69882
G12	138368	181.94588	-1.82568
G12	138811	184.17454	-1.81681
G12	164995	179.40017	-2.87571
G12	177278	176.08696	-1.86907
G12	185812	181.78058	-1.5484
G12	186737	185.5935	-1.49532
G12	230803	181.08337	1.93953
G12	231768	185.44796	1.94621
G12	231785	185.53046	1.88483
G12	272227	178.47396	1.3207
G12	289050	180.98801	1.78262
G12	396570	174.04408	1.44452
G12	559653	177.7595	-0.47629
G12	560010	178.85871	-0.57989
G12	583813	176.83237	-0.16391
G12	610529	180.54204	0.39134
G12	787196	177.01971	-1.87064
G12	947988	177.90113	-1.11874
G15	63082	214.46454	-0.30878
G15	65016	221.17254	-0.29001
G15	92523	216.62879	0.62516
G15	239143	216.51021	1.6082
G15	239721	218.71629	1.60518
G15	240564	223.16475	1.38699
G15	249903	213.33275	2.0285
G15	251526	219.06642	1.9784
G15	278240	215.80875	1.07883
G15	297627	216.43496	1.38861
G15	297645	216.57825	1.38436
G15	320705	219.18917	1.74384
G15	343868	222.41704	2.17379
G15	460386	211.94129	-1.80552
G15	463638	213.94213	-1.18728
G15	493692	221.9895	-1.36708
G15	512280	218.33704	-1.0504
G15	543716	212.59971	-0.92718
G15	570323	223.22658	-0.58658
G15	618687	216.50154	0.23066
G15	884103	217.42279	-1.68879
G02	1274050	32.82713	-9.86427
G02	1320592	32.94087	-4.82006
G02	1726233	36.65454	-8.52167
G02	1760310	35.95496	-6.11922
G02	1771132	36.28483	-5.3921
G02	1779869	36.29463	-4.84248
G02	1988308	38.11142	-5.96424
G02	2007752	38.48246	-4.76219
G02	2308869	35.92083	-4.02211
G23	5027548	341.34442	-30.14947
G23	7048497	342.86779	-32.27196
G23	7070361	350.69167	-31.32483
G23	7073988	346.66158	-31.16843
G23	7073990	346.66237	-31.16836
G09	196060	129.01621	-0.69336
G09	197073	133.78179	-0.7479
G09	209263	132.50596	0.0425
G09	279369	136.79904	0.98044
G09	300500	129.87425	1.12844
G09	324470	136.07796	1.68015
G09	345984	131.78108	2.12672
G09	348299	140.94438	2.24256
G09	371995	133.78987	0.98418
G09	372810	137.79708	1.07694
G09	376791	135.11008	1.44247
G09	382083	135.24921	1.89325
G09	528021	140.98654	-0.87061
G09	599598	132.08975	0.21503
G09	599797	132.62096	0.25907
G09	600968	138.08767	0.30248
G09	621991	129.85479	0.68659
G09	3612009	135.8195	-1.34174
G09	3624490	132.09767	-0.85274
G09	3886423	136.26788	-1.56631
G09	3913313	139.74904	-1.30614
G12	7907	179.68421	0.82128
G12	9156	185.08025	0.71944
G12	39055	174.87917	-0.66397
G12	55091	180.44258	-0.34558
G12	71566	185.16637	0.20776
G12	84090	175.97379	0.48608
G12	97836	174.84862	0.90228
G12	125217	183.07617	-2.50805
G12	136782	176.11142	-1.77261
G12	138015	180.50629	-1.65407
G12	172153	181.44675	-2.44182
G12	184530	176.70954	-1.43849
G12	185998	182.60063	-1.61024
G12	186085	182.89554	-1.64913
G12	186516	184.85638	-1.53982
G12	220204	180.67683	1.56371
G12	272828	180.97808	1.4233
G12	397097	176.71996	1.48606
G12	537363	184.95279	-0.87211
G12	585644	183.83021	-0.19625
G15	62459	213.06783	-0.25768
G15	64181	218.48892	-0.31288
G15	78841	218.90942	0.12274
G15	250796	216.02125	2.13975
G15	262626	220.31992	2.41527
G15	266240	216.94617	2.79181
G15	296898	213.92688	1.53891
G15	321208	221.87658	1.67057
G15	367197	220.31267	2.92665
G15	508211	216.27379	-1.59829
G15	513306	223.07412	-1.01726
G15	544985	217.81129	-0.90871
G15	545139	218.38854	-1.00978
G15	545712	220.81617	-0.88778
G02	1217811	33.6095	-4.23305
G02	1298084	32.37917	-6.37684
G02	1440776	31.98304	-4.41341
G02	1614527	35.88917	-8.47218
G02	1675035	35.41175	-4.48197
G02	1740396	36.36688	-9.35231
G02	1765570	36.16213	-5.76612
G02	2002618	38.30588	-5.07329
G02	2379807	37.16025	-4.03447
G23	5006684	343.38587	-33.71781
G23	7014061	343.38537	-33.71829
G23	7023086	346.05408	-33.30514
G23	7046392	343.18829	-32.36551
G23	7069205	342.01071	-31.37594
G23	7076874	346.36892	-31.04973
G23	7093351	344.23937	-30.36704
G09	198082	138.2815	-0.66673
G09	202448	129.69546	-0.38179
G09	204140	136.63883	-0.35203
G09	209222	132.36771	0.1636
G09	209295	132.61013	0.11972
G09	209584	134.02979	0.15244
G09	279956	140.14187	0.97341
G09	301818	135.32929	1.22984
G09	302719	138.94058	1.33144
G09	323200	130.73717	1.55957
G09	323247	131.02333	1.64814
G09	325026	138.257	1.72137
G09	325108	138.62475	1.87141
G09	371208	130.50925	1.02071
G09	377212	136.80625	1.64392
G09	377486	137.90642	1.62916
G09	380839	130.27629	1.72911
G09	382857	138.7635	2.04159
G09	383284	140.6575	2.13736
G09	388201	138.99892	2.51429
G09	417645	132.51888	2.29438
G09	419678	140.98671	2.86084
G09	422882	132.81062	2.83784
G09	573657	129.41362	-0.01039
G09	574390	135.66788	-0.13742
G09	575653	140.77658	-0.11463
G09	663372	140.42683	-1.09201
G09	905359	139.63437	-0.60728
G09	3576902	129.95892	-1.63319
G09	3626956	134.23367	-0.80412
G09	3632403	138.10708	-0.95852
G09	3884455	135.10842	-1.60189
G09	3909630	137.37821	-1.17997
G12	7242	176.29229	0.73915
G12	22278	176.96358	1.2031
G12	22559	178.05237	1.05246
G12	71072	182.90017	0.17959
G12	98399	177.78321	0.91949
G12	98624	179.06704	0.99197
G12	99508	183.13442	1.00244
G12	130303	176.78942	-2.18512
G12	131725	182.36783	-2.24046
G12	136800	176.05287	-1.77459
G12	164640	178.14021	-2.71487
G12	185604	180.96967	-1.46278
G12	220682	182.7435	1.59787
G12	220854	183.53083	1.55306
G12	231043	182.16688	1.9984
G12	231307	183.15171	1.97018
G12	231746	185.33296	1.92256
G12	273903	185.65375	1.33724
G12	289278	181.64301	1.74123
G12	402278	174.23017	1.89732
G12	560475	180.41129	-0.48254
G12	560853	181.98808	-0.52788
G12	583469	175.01863	-0.14991
G12	586392	184.62887	-0.18264
G12	586648	185.72429	-0.20906
G12	610029	178.25696	0.30019
G12	690020	179.39604	-1.13984
G12	814991	181.52958	1.93496
G15	14983	213.6345	0.74998
G15	15221	214.61879	0.62943
G15	15554	215.97479	0.67592
G15	48883	218.90542	-0.74389
G15	65298	222.49875	-0.40713
G15	77892	215.20808	0.17706
G15	106821	217.327	0.86711
G15	238715	215.06083	1.60423
G15	239367	217.45604	1.52598
G15	250209	214.17046	2.07386
G15	250487	214.82401	2.12522
G15	251342	218.22696	1.97782
G15	298899	222.14058	1.16504
G15	319348	214.14233	1.86348
G15	319416	214.38538	1.9114
G15	320384	218.13475	1.68924
G15	320557	218.63421	1.78566
G15	342308	215.069	2.22422
G15	460463	212.48058	-1.61746
G15	460713	213.41046	-1.64736
G15	485756	217.11896	-1.79492
G15	508116	215.95117	-1.68131
G15	617535	211.95117	0.23064
G15	617856	213.49346	0.35214
G02	1126606	33.89513	-6.55139
G02	1270758	32.65929	-10.07633
G02	1312058	32.29279	-5.43011
G02	1569977	30.69342	-4.01222
G02	1684064	35.62492	-3.87688
G02	1763319	36.37075	-5.91766
G02	2005629	37.92875	-4.88681
G02	2248952	30.82808	-7.63584
G23	5000687	344.09237	-34.88054
G23	5014213	350.01962	-32.35935
G23	5022159	347.44408	-31.04443
G23	5026858	340.90525	-30.26776
G23	7021723	345.68529	-33.36733
G23	7028850	342.77721	-33.04329
G23	7035191	346.47717	-32.81103
G23	7056621	342.57587	-31.90962
G23	7061088	342.12237	-31.71619
G23	7081863	340.21004	-30.82531
G23	7083868	343.978	-30.75893
G09	300979	131.46746	1.19884
G09	302123	136.46358	1.31167
G09	386427	132.24292	2.24817
G09	387615	137.19829	2.40849
G09	417922	134.097	2.49636
G09	425637	129.15721	2.86991
G09	599770	132.67583	0.34792
G09	622326	132.66296	0.63611
G09	3579777	131.41271	-1.66217
    G09	3890035	138.55021	-1.68663
    G12	39870	178.62517	-0.72424
    G12	289265	181.63046	1.82378
    G12	559147	175.88608	-0.43995
    G12	585446	182.74083	-0.13542
    G12	746445	179.08296	-0.20491
    G15	17244	222.50238	0.81555
    G15	262987	222.23792	2.38034
    G15	298302	219.30533	1.41623
    G15	298316	219.34801	1.28769
    G15	320078	216.84646	1.88291
    G15	362394	214.88958	2.70961
    G15	544875	217.28529	-0.9494
    G15	592207	212.01942	-0.07878
    G02	1537351	30.80412	-6.04563
    G02	1568229	30.69258	-4.13571
    G23	7019633	349.60625	-33.45856
    G23	7032116	341.93799	-32.92324