\ EQUINOX = 'J2000.0'
|   ra     |   dec    |  major |
|   double |   double | double |
  33.89513   -6.55139     5.0
  129.01621   0.69336     5.0
  133.78179  -0.7479      5.0
  138.2815   -0.66673     5.0
  129.69546  -0.38179     5.0
  136.63883  -0.35203     5.0
  132.36771   0.1636      5.0
  132.50596   0.0425      5.0
  132.61013   0.11972     5.0
  134.02979   0.15244     5.0
  140.75621   0.84809     5.0
  136.79904   0.98044     5.0
  140.14187   0.97341     5.0
  129.87425   1.12844     5.0
  131.46746   1.19884     5.0
  135.32929   1.22984     5.0
  136.46358   1.31167     5.0
  138.94058   1.33144     5.0
  130.73717   1.55957     5.0
  131.02333   1.64814     5.0
  136.07796   1.68015     5.0
  138.257     1.72137     5.0
  138.62475   1.87141     5.0
  131.75004   2.04437     5.0
  131.78108   2.12672     5.0
  137.94367   2.30107     5.0
  140.09571   2.3343      5.0
  140.94438   2.24256     5.0
  130.50925   1.02071     5.0
  133.78987   0.98418     5.0
  137.79708   1.07694     5.0
  129.51933   1.39028     5.0
  134.88888   1.50709     5.0
  135.11008   1.44247     5.0
  136.80625   1.64392     5.0
  137.90642   1.62916     5.0
  130.27629   1.72911     5.0
  135.24921   1.89325     5.0
  138.7635    2.04159     5.0
  139.68454   1.98081     5.0
  140.6575    2.13736     5.0
  132.24292   2.24817     5.0
  137.19829   2.40849     5.0
  138.99892   2.51429     5.0
  132.51888   2.29438     5.0
  134.097     2.49636     5.0
  140.98671   2.86084     5.0
  132.81062   2.83784     5.0
  129.15721   2.86991     5.0
  140.98654  -0.87061     5.0
  129.41362  -0.01039     5.0
  129.951    -0.03694     5.0
  135.66788  -0.13742     5.0
  137.52142  -0.12759     5.0
  140.77658  -0.11463     5.0
  132.08975   0.21503     5.0
  132.67583   0.34792     5.0
  132.62096   0.25907     5.0
  133.35229   0.32283     5.0
  138.08767   0.30248     5.0
  129.85479   0.68659     5.0
  132.66296   0.63611     5.0
  140.01479  -1.21574     5.0
  140.42683  -1.09201     5.0
  139.63437  -0.60728     5.0
  129.95892  -1.63319     5.0
  131.41271  -1.66217     5.0
  135.8195   -1.34174     5.0
  132.09767  -0.85274     5.0
  134.23367  -0.80412     5.0
  138.10708  -0.95852     5.0
  138.918    -1.02683     5.0
  136.82975  -1.99357     5.0
  135.10842  -1.60189     5.0
  136.26788  -1.56631     5.0
  136.64988  -1.59199     5.0
  138.55021  -1.68663     5.0
  134.01279  -0.98051     5.0
  137.37821  -1.17997     5.0
  139.74904  -1.30614     5.0
  176.29229   0.73915     5.0
  179.68421   0.82128     5.0
  185.08025   0.71944     5.0
  176.96358   1.2031      5.0
  178.05237   1.05246     5.0
  183.92221  -1.20294     5.0
  174.87917  -0.66397     5.0
  178.62517  -0.72424     5.0
  182.30704  -0.78791     5.0
  175.69525  -0.31443     5.0
  176.85742  -0.30877     5.0
  178.36975  -0.30537     5.0
  180.44258  -0.34558     5.0
  180.74654  -0.38792     5.0
  182.90017   0.17959     5.0
  185.16637   0.20776     5.0
  175.97379   0.48608     5.0
  174.84862   0.90228     5.0
  177.78321   0.91949     5.0
  179.06704   0.99197     5.0
  183.13442   1.00244     5.0
  178.90833  -2.56675     5.0
  183.07617  -2.50805     5.0
  176.78942  -2.18512     5.0
  177.73192  -2.10683     5.0
  182.36783  -2.24046     5.0
  176.11142  -1.77261     5.0
  176.05287  -1.77459     5.0
  176.30279  -1.74244     5.0
  179.51112  -1.69882     5.0
  180.50629  -1.65407     5.0
  181.94588  -1.82568     5.0
  184.17454  -1.81681     5.0
  178.14021  -2.71487     5.0
  179.40017  -2.87571     5.0
  181.44675  -2.44182     5.0
  176.08696  -1.86907     5.0
  176.70954  -1.43849     5.0
  180.96967  -1.46278     5.0
  181.78058  -1.5484      5.0
  182.60063  -1.61024     5.0
  182.89554  -1.64913     5.0
  184.85638  -1.53982     5.0
  185.5935   -1.49532     5.0
  180.67683   1.56371     5.0
  182.7435    1.59787     5.0
  183.53083   1.55306     5.0
  181.08337   1.93953     5.0
  182.16688   1.9984      5.0
  183.15171   1.97018     5.0
  185.33296   1.92256     5.0
  185.44796   1.94621     5.0
  185.53046   1.88483     5.0
  178.47396   1.3207      5.0
  180.97808   1.4233      5.0
  185.65375   1.33724     5.0
  180.98801   1.78262     5.0
  181.63046   1.82378     5.0
  181.64301   1.74123     5.0
  174.04408   1.44452     5.0
  176.71996   1.48606     5.0
  174.23017   1.89732     5.0
  184.95279  -0.87211     5.0
  175.88608  -0.43995     5.0
  177.7595   -0.47629     5.0
  178.85871  -0.57989     5.0
  180.41129  -0.48254     5.0
  181.98808  -0.52788     5.0
  175.01863  -0.14991     5.0
  176.83237  -0.16391     5.0
  182.74083  -0.13542     5.0
  183.83021  -0.19625     5.0
  184.62887  -0.18264     5.0
  185.72429  -0.20906     5.0
  178.25696   0.30019     5.0
  180.54204   0.39134     5.0
  179.39604  -1.13984     5.0
  179.08296  -0.20491     5.0
  177.01971  -1.87064     5.0
  181.52958   1.93496     5.0
  177.90113  -1.11874     5.0
  213.6345    0.74998     5.0
  214.61879   0.62943     5.0
  215.97479   0.67592     5.0
  222.50238   0.81555     5.0
  218.90542  -0.74389     5.0
  213.06783  -0.25768     5.0
  214.46454  -0.30878     5.0
  218.48892  -0.31288     5.0
  221.17254  -0.29001     5.0
  222.49875  -0.40713     5.0
  215.20808   0.17706     5.0
  218.90942   0.12274     5.0
  216.62879   0.62516     5.0
  217.327     0.86711     5.0
  215.06083   1.60423     5.0
  216.51021   1.6082      5.0
  217.45604   1.52598     5.0
  218.71629   1.60518     5.0
  223.16475   1.38699     5.0
  213.33275   2.0285      5.0
  214.17046   2.07386     5.0
  214.82401   2.12522     5.0
  216.02125   2.13975     5.0
  218.22696   1.97782     5.0
  219.06642   1.9784      5.0
  220.31992   2.41527     5.0
  222.23792   2.38034     5.0
  216.94617   2.79181     5.0
  215.80875   1.07883     5.0
  213.92688   1.53891     5.0
  216.43496   1.38861     5.0
  216.57825   1.38436     5.0
  219.30533   1.41623     5.0
  219.34801   1.28769     5.0
  222.14058   1.16504     5.0
  214.14233   1.86348     5.0
  214.38538   1.9114      5.0
  216.84646   1.88291     5.0
  218.13475   1.68924     5.0
  218.63421   1.78566     5.0
  219.18917   1.74384     5.0
  221.87658   1.67057     5.0
  215.069     2.22422     5.0
  222.41704   2.17379     5.0
  214.88958   2.70961     5.0
  220.31267   2.92665     5.0
  211.94129  -1.80552     5.0
  212.48058  -1.61746     5.0
  213.41046  -1.64736     5.0
  213.94213  -1.18728     5.0
  217.11896  -1.79492     5.0
  221.9895   -1.36708     5.0
  215.95117  -1.68131     5.0
  216.27379  -1.59829     5.0
  218.33704  -1.0504      5.0
  223.07412  -1.01726     5.0
  212.59971  -0.92718     5.0
  217.28529  -0.9494      5.0
  217.81129  -0.90871     5.0
  218.38854  -1.00978     5.0
  220.81617  -0.88778     5.0
  223.22658  -0.58658     5.0
  212.01942  -0.07878     5.0
  211.95117   0.23064     5.0
  213.49346   0.35214     5.0
  216.50154   0.23066     5.0
  217.42279  -1.68879     5.0
  33.89513   -6.55139     5.0
  33.6095    -4.23305     5.0
  32.65929  -10.07633     5.0
  32.82713   -9.86427     5.0
  32.37917   -6.37684     5.0
  32.29279   -5.43011     5.0
  32.94087   -4.82006     5.0
  31.98304   -4.41341     5.0
  30.80412   -6.04563     5.0
  30.69258   -4.13571     5.0
  30.69342   -4.01222     5.0
  35.88917   -8.47218     5.0
  35.41175   -4.48197     5.0
  35.62492   -3.87688     5.0
  36.65454   -8.52167     5.0
  36.36688   -9.35231     5.0
  35.95496   -6.11922     5.0
  36.37075   -5.91766     5.0
  36.16213   -5.76612     5.0
  36.28483   -5.3921      5.0
  36.29463   -4.84248     5.0
  38.11142   -5.96424     5.0
  38.30588   -5.07329     5.0
  37.92875   -4.88681     5.0
  38.48246   -4.76219     5.0
  30.82808   -7.63584     5.0
  35.92083   -4.02211     5.0
  37.16025   -4.03447     5.0
 344.09237   -34.88054    5.0
 343.38587   -33.71781    5.0
 350.01962   -32.35935    5.0
 347.44408   -31.04443    5.0
 340.90525   -30.26776    5.0
 341.34442   -30.14947    5.0
 343.38537   -33.71829    5.0
 349.60625   -33.45856    5.0
 345.68529   -33.36733    5.0
 346.05408   -33.30514    5.0
 342.77721   -33.04329    5.0
 341.93799   -32.92324    5.0
 346.47717   -32.81103    5.0
 343.18829   -32.36551    5.0
 342.86779   -32.27196    5.0
 342.57587   -31.90962    5.0
 342.12237   -31.71619    5.0
 342.01071   -31.37594    5.0
 350.69167   -31.32483    5.0
 346.66158   -31.16843    5.0
 346.66237   -31.16836    5.0
 346.36892   -31.04973    5.0
 340.21004   -30.82531    5.0
  343.978    -30.75893    5.0
 344.23937   -30.36704    5.0