\ EQUINOX = 'J2000.0'
|   ra     |   dec    |  major |
|   double |   double | double |
  140.75621   0.84809     5.0
  131.75004   2.04437     5.0
  137.94367   2.30107     5.0
  140.09571   2.3343      5.0
  129.51933   1.39028     5.0
  134.88888   1.50709     5.0
  139.68454   1.98081     5.0
  129.951    -0.03694     5.0
  137.52142  -0.12759     5.0
  133.35229   0.32283     5.0
  140.01479  -1.21574     5.0
  138.918    -1.02683     5.0
  136.82975  -1.99357     5.0
  136.64988  -1.59199     5.0
  134.01279  -0.98051     5.0
  183.92221  -1.20294     5.0
  182.30704  -0.78791     5.0
  175.69525  -0.31443     5.0
  176.85742  -0.30877     5.0
  178.36975  -0.30537     5.0
  180.74654  -0.38792     5.0
  178.90833  -2.56675     5.0
  177.73192  -2.10683     5.0
  176.30279  -1.74244     5.0
  179.51112  -1.69882     5.0
  181.94588  -1.82568     5.0
  184.17454  -1.81681     5.0
  179.40017  -2.87571     5.0
  176.08696  -1.86907     5.0
  181.78058  -1.5484     5.0
  185.5935   -1.49532     5.0
  181.08337   1.93953     5.0
  185.44796   1.94621     5.0
  185.53046   1.88483     5.0
  178.47396   1.3207     5.0
  180.98801   1.78262     5.0
  174.04408   1.44452     5.0
  177.7595   -0.47629     5.0
  178.85871  -0.57989     5.0
  176.83237  -0.16391     5.0
  180.54204   0.39134     5.0
  177.01971  -1.87064     5.0
  177.90113  -1.11874     5.0
  214.46454  -0.30878     5.0
  221.17254  -0.29001     5.0
  216.62879   0.62516     5.0
  216.51021   1.6082     5.0
  218.71629   1.60518     5.0
  223.16475   1.38699     5.0
  213.33275   2.0285     5.0
  219.06642   1.9784     5.0
  215.80875   1.07883     5.0
  216.43496   1.38861     5.0
  216.57825   1.38436     5.0
  219.18917   1.74384     5.0
  222.41704   2.17379     5.0
  211.94129  -1.80552     5.0
  213.94213  -1.18728     5.0
  221.9895   -1.36708     5.0
  218.33704  -1.0504     5.0
  212.59971  -0.92718     5.0
  223.22658  -0.58658     5.0
  216.50154   0.23066     5.0
  217.42279  -1.68879     5.0
  32.82713   -9.86427     5.0
  32.94087   -4.82006     5.0
  36.65454   -8.52167     5.0
  35.95496   -6.11922     5.0
  36.28483   -5.3921     5.0
  36.29463   -4.84248     5.0
  38.11142   -5.96424     5.0
  38.48246   -4.76219     5.0
  35.92083   -4.02211     5.0
  341.34442 -30.14947     5.0
  342.86779 -32.27196     5.0
  350.69167 -31.32483     5.0
  346.66158 -31.16843     5.0
  346.66237 -31.16836     5.0