\ EQUINOX = 'J2000.0'
|   ra     |   dec    |  major |
|   double |   double | double |
  129.01621  -0.69336     5.0
  133.78179  -0.7479      5.0
  132.50596   0.0425      5.0
  136.79904   0.98044     5.0
  129.87425   1.12844     5.0
  136.07796   1.68015     5.0
  131.78108   2.12672     5.0
  140.94438   2.24256     5.0
  133.78987   0.98418     5.0
  137.79708   1.07694     5.0
  135.11008   1.44247     5.0
  135.24921   1.89325     5.0
  140.98654  -0.87061     5.0
  132.08975   0.21503     5.0
  132.62096   0.25907     5.0
  138.08767   0.30248     5.0
  129.85479   0.68659     5.0
  135.8195   -1.34174     5.0
  132.09767  -0.85274     5.0
  136.26788  -1.56631     5.0
  139.74904  -1.30614     5.0
  179.68421   0.82128     5.0
  185.08025   0.71944     5.0
  174.87917  -0.66397     5.0
  180.44258  -0.34558     5.0
  185.16637   0.20776     5.0
  175.97379   0.48608     5.0
  174.84862   0.90228     5.0
  183.07617  -2.50805     5.0
  176.11142  -1.77261     5.0
  180.50629  -1.65407     5.0
  181.44675  -2.44182     5.0
  176.70954  -1.43849     5.0
  182.60063  -1.61024     5.0
  182.89554  -1.64913     5.0
  184.85638  -1.53982     5.0
  180.67683   1.56371     5.0
  180.97808   1.4233     5.0
  176.71996   1.48606     5.0
  184.95279  -0.87211     5.0
  183.83021  -0.19625     5.0
  213.06783  -0.25768     5.0
  218.48892  -0.31288     5.0
  218.90942   0.12274     5.0
  216.02125   2.13975     5.0
  220.31992   2.41527     5.0
  216.94617   2.79181     5.0
  213.92688   1.53891     5.0
  221.87658   1.67057     5.0
  220.31267   2.92665     5.0
  216.27379  -1.59829     5.0
  223.07412  -1.01726     5.0
  217.81129  -0.90871     5.0
  218.38854  -1.00978     5.0
  220.81617  -0.88778     5.0
  33.6095    -4.23305     5.0
  32.37917   -6.37684     5.0
  31.98304   -4.41341     5.0
  35.88917   -8.47218     5.0
  35.41175   -4.48197     5.0
  36.36688   -9.35231     5.0
  36.16213   -5.76612     5.0
  38.30588   -5.07329     5.0
  37.16025   -4.03447     5.0
  343.38587 -33.71781     5.0
  343.38537 -33.71829     5.0
  346.05408 -33.30514     5.0
  343.18829 -32.36551     5.0
  342.01071 -31.37594     5.0
  346.36892 -31.04973     5.0
  344.23937 -30.36704     5.0