\ EQUINOX = 'J2000.0'
|   ra     |   dec    |  major |
|   double |   double | double |
  131.46746   1.19884     5.0
  136.46358   1.31167     5.0
  132.24292   2.24817     5.0
  137.19829   2.40849     5.0
  134.097     2.49636     5.0
  129.15721   2.86991     5.0
  132.67583   0.34792     5.0
  132.66296   0.63611     5.0
  131.41271  -1.66217     5.0
  138.55021  -1.68663     5.0
  178.62517  -0.72424     5.0
  181.63046   1.82378     5.0
  175.88608  -0.43995     5.0
  182.74083  -0.13542     5.0
  179.08296  -0.20491     5.0
  222.50238   0.81555     5.0
  222.23792   2.38034     5.0
  219.30533   1.41623     5.0
  219.34801   1.28769     5.0
  216.84646   1.88291     5.0
  214.88958   2.70961     5.0
  217.28529  -0.9494     5.0
  212.01942  -0.07878     5.0
  30.80412   -6.04563     5.0
  30.69258   -4.13571     5.0
  349.60625 -33.45856     5.0
  341.93799 -32.92324     5.0